0 0.13709027777777777 0.19073611111111113 0.23946527777777776 0.23147916666666665
0 0.3778888888888889 0.18990277777777775 0.2476875 0.23894444444444443
0 0.6184930555555556 0.29615277777777776 0.2456597222222222 0.457
0 0.8653402777777777 0.18434722222222222 0.24502083333333333 0.2500486111111111
0 0.8649930555555555 0.4105347222222222 0.2526527777777778 0.22477083333333334
0 0.8684375 0.7592222222222222 0.2542291666666667 0.4691319444444444
0 0.6162083333333334 0.6363333333333334 0.22547222222222224 0.22336805555555553
0 0.6165763888888889 0.8681041666666667 0.22517361111111112 0.22628472222222223
0 0.2568611111111111 0.8614791666666667 0.4720486111111111 0.2257361111111111
0 0.24054166666666665 0.6373819444444445 0.4463611111111111 0.21850694444444443
0 0.2348125 0.41657638888888887 0.42449305555555555 0.22134722222222222