0 0.2558125 0.1936875 0.4907986111111111 0.2339097222222222
0 0.6221319444444444 0.19024999999999997 0.24184027777777778 0.21741666666666665
0 0.8647916666666666 0.18778472222222223 0.23652777777777778 0.2429375
0 0.8629097222222222 0.41799305555555555 0.2429375 0.22025694444444446
0 0.6191597222222223 0.41709722222222223 0.24178472222222222 0.22586111111111112
0 0.38133333333333336 0.4164027777777778 0.2453125 0.22447222222222224
0 0.13500694444444444 0.41744444444444445 0.24918749999999998 0.21961111111111112
0 0.13396527777777778 0.6399791666666667 0.25404166666666667 0.2271875
0 0.3738958333333333 0.6377569444444444 0.24525694444444446 0.2182361111111111
0 0.6186666666666667 0.6412291666666666 0.24878472222222223 0.22518055555555555
0 0.8681180555555555 0.6377569444444444 0.25335416666666666 0.2182361111111111
0 0.7436111111111111 0.8769097222222222 0.5011041666666667 0.24618055555555557
0 0.37977083333333334 0.8734375 0.2456597222222222 0.253125
0 0.1377847222222222 0.8611319444444444 0.24085416666666665 0.23198611111111112