0 0.1377847222222222 0.16243749999999998 0.24085416666666665 0.2964097222222222
0 0.3822291666666666 0.19024999999999997 0.24248611111111112 0.23130555555555554
0 0.5872361111111111 0.4009861111111111 0.16927083333333334 0.21956250000000002
0 0.7580555555555555 0.3785972222222222 0.2165277777777778 0.26086805555555553
0 0.901611111111111 0.4028958333333333 0.1620486111111111 0.21227083333333335
0 0.6014722222222222 0.62925 0.2032986111111111 0.23177777777777778
0 0.8894652777777777 0.6316805555555556 0.17940277777777777 0.24774305555555556
0 0.1391736111111111 0.4177916666666667 0.243625 0.2133611111111111
0 0.3804930555555555 0.4178194444444444 0.2390138888888889 0.21713194444444445
0 0.13396527777777778 0.7501944444444444 0.2401597222222222 0.4510833333333333
0 0.3782361111111111 0.7486944444444443 0.25393750000000004 0.4512222222222222
0 0.6204027777777777 0.8616805555555556 0.25225694444444446 0.22177083333333336
0 0.8629097222222222 0.864111111111111 0.2429375 0.2238541666666667