0 0.1391736111111111 0.19073611111111113 0.243625 0.23147916666666665
0 0.3825486111111111 0.1995902777777778 0.23732638888888888 0.22488194444444443
0 0.3770208333333333 0.4188611111111111 0.2459513888888889 0.22199305555555557
0 0.6228263888888889 0.30518055555555557 0.2404513888888889 0.43894444444444447
0 0.8630833333333333 0.19893055555555555 0.2460625 0.22089583333333332
0 0.8662083333333332 0.4172986111111111 0.26619444444444446 0.22164583333333335
0 0.8649930555555555 0.6358472222222222 0.2526527777777778 0.22552777777777777
0 0.8637777777777778 0.8637638888888889 0.2446736111111111 0.23149305555555558
0 0.3617222222222222 0.7717291666666667 0.19566666666666666 0.2719375
0 0.6016250000000001 0.8206875 0.26575 0.1962361111111111
0 0.13691666666666666 0.7585277777777778 0.24259027777777778 0.4538541666666666
0 0.1374375 0.4177916666666667 0.24709722222222222 0.22725