0 0.13952083333333334 0.16209027777777776 0.23738194444444444 0.2887708333333333
0 0.13399305555555555 0.42406944444444444 0.2459027777777778 0.2185277777777778
0 0.1348611111111111 0.6370625 0.2476388888888889 0.219625
0 0.3813611111111111 0.2999722222222222 0.24075 0.4563055555555556
0 0.6009513888888889 0.19806249999999997 0.19392361111111112 0.21915972222222221
0 0.8408611111111111 0.1951111111111111 0.29049305555555555 0.20770138888888887
0 0.6217847222222223 0.41972916666666665 0.23559027777777777 0.22372916666666667
0 0.8615208333333333 0.41816666666666663 0.24570833333333333 0.22338194444444445
0 0.6368611111111111 0.7484791666666666 0.27025 0.16293055555555555
0 0.7802847222222221 0.878173611111111 0.4220625 0.1714375
0 0.8736666666666666 0.6697013888888889 0.21446527777777777 0.2515763888888889
0 0.3804930555555555 0.7521666666666665 0.2528958333333333 0.44427777777777777
0 0.13344444444444445 0.862 0.23564583333333333 0.23025