0 0.2554722222222222 0.19247222222222224 0.4831597222222222 0.22800694444444444
0 0.6167569444444444 0.19215972222222222 0.2421875 0.22401388888888887
0 0.8653124999999999 0.18917361111111114 0.24104166666666668 0.23182638888888887
0 0.13396527777777778 0.41709722222222223 0.2401597222222222 0.22586111111111112
0 0.37893055555555555 0.41486805555555556 0.2525486111111111 0.21956250000000002
0 0.6186666666666667 0.4218125 0.24878472222222223 0.21956250000000002
0 0.8637777777777778 0.4190347222222222 0.25855555555555554 0.21123611111111112
0 0.1376111111111111 0.6398055555555556 0.24397916666666666 0.2164236111111111
0 0.37545833333333334 0.6384513888888889 0.24560416666666668 0.21684722222222222
0 0.6155416666666667 0.6372361111111111 0.24809027777777778 0.22275
0 0.8656874999999999 0.745048611111111 0.2651527777777778 0.4411527777777778
0 0.6149930555555556 0.8639097222222222 0.23345833333333335 0.22365277777777778
0 0.3785625 0.8626944444444444 0.23975694444444445 0.2316388888888889
0 0.13344444444444445 0.863736111111111 0.23564583333333333 0.22677777777777777