0 0.13952083333333334 0.19472916666666668 0.23738194444444444 0.2290486111111111
0 0.13570138888888889 0.4195277777777778 0.2366875 0.2237777777777778
0 0.37632638888888886 0.3081319444444444 0.2334513888888889 0.43652083333333336
0 0.5913888888888889 0.34141666666666665 0.17235416666666667 0.17172222222222222
0 0.7757638888888888 0.34699305555555554 0.2019513888888889 0.17822916666666666
0 0.13483333333333333 0.7512361111111111 0.2384236111111111 0.4462222222222222
0 0.3797986111111111 0.6370625 0.24039583333333334 0.219625
0 0.3770208333333333 0.8634166666666666 0.2459513888888889 0.22524305555555557
0 0.6190138888888889 0.8663680555555555 0.24114583333333334 0.22281250000000002
0 0.6182916666666667 0.6405000000000001 0.24352083333333335 0.23170138888888886
0 0.8656874999999999 0.6370625 0.25127083333333333 0.219625
0 0.8651666666666666 0.8641180555555555 0.25577777777777777 0.23774305555555558