0 0.1374375 0.1935138888888889 0.23321527777777776 0.23703472222222222
0 0.1422986111111111 0.4190069444444445 0.24293055555555554 0.2192638888888889
0 0.13535416666666666 0.6391180555555556 0.2429375 0.2150347222222222
0 0.1917708333333333 0.8382222222222222 0.35228472222222224 0.18616666666666665
0 0.8602777777777777 0.8609583333333333 0.23444444444444446 0.22122222222222224
0 0.8587152777777778 0.6356458333333334 0.23479166666666668 0.22197916666666664
0 0.6217638888888889 0.6380694444444445 0.2365763888888889 0.21989583333333332
0 0.38133333333333336 0.6396319444444445 0.2453125 0.2195486111111111
0 0.4072013888888889 0.2919305555555555 0.26579166666666665 0.3678888888888889
0 0.6875486111111111 0.37716666666666665 0.2882986111111111 0.2640625
0 0.9153263888888888 0.3235763888888889 0.13115277777777778 0.38131944444444443
0 0.6774791666666667 0.19612500000000002 0.34454166666666663 0.12072916666666667