0 0.1377847222222222 0.30199305555555556 0.24085416666666665 0.4644027777777778
0 0.3813611111111111 0.1888611111111111 0.24075 0.2340833333333333
0 0.6233541666666667 0.18677777777777776 0.2498263888888889 0.23825
0 0.8616944444444444 0.1600486111111111 0.2349513888888889 0.28476388888888887
0 0.3770208333333333 0.42111805555555554 0.2459513888888889 0.2209513888888889
0 0.6214375 0.4110486111111111 0.24322916666666666 0.22025694444444446
0 0.8663819444444444 0.42146527777777776 0.24988194444444442 0.2272013888888889
0 0.8641249999999999 0.6391458333333333 0.23703472222222222 0.21545833333333334
0 0.6238472222222222 0.6411944444444445 0.24074305555555556 0.21920138888888888
0 0.38324305555555555 0.6420625 0.2387152777777778 0.21746527777777777
0 0.1391736111111111 0.6425833333333334 0.243625 0.22197916666666664
0 0.13850694444444445 0.8696666666666666 0.2577083333333334 0.22663194444444446
0 0.3787569444444444 0.8654999999999999 0.2494236111111111 0.2349652777777778
0 0.6186597222222222 0.8668888888888888 0.23489583333333333 0.23218750000000002
0 0.8594097222222222 0.8675555555555555 0.23618055555555556 0.24135416666666668