0 0.15132638888888889 0.14856250000000001 0.274875 0.1297638888888889
0 0.3622638888888889 0.1480625 0.13311805555555556 0.12470833333333334
0 0.49888194444444445 0.14893055555555557 0.1341875 0.12644444444444444
0 0.6386180555555556 0.14702083333333335 0.13595138888888889 0.1337361111111111
0 0.7755833333333333 0.14702083333333335 0.14327083333333335 0.1337361111111111
0 0.9186249999999999 0.14615277777777777 0.1488611111111111 0.132
0 0.08502083333333334 0.2780625 0.14920833333333333 0.1318125
0 0.22443055555555555 0.275125 0.13794444444444443 0.13446527777777778
0 0.3627847222222222 0.2777291666666667 0.14248611111111112 0.12579166666666666
0 0.5020069444444444 0.27321527777777777 0.13488194444444443 0.12786805555555555
0 0.6368819444444445 0.27720833333333333 0.14636805555555557 0.1302986111111111
0 0.7759305555555555 0.2763402777777778 0.1356388888888889 0.1285625
0 0.9168888888888889 0.27408333333333335 0.1453888888888889 0.12960416666666666
0 0.08277777777777778 0.4664305555555555 0.14347222222222222 0.25880555555555557
0 0.22738194444444446 0.5280416666666666 0.13551388888888888 0.13211111111111112
0 0.2218263888888889 0.39924305555555556 0.1327361111111111 0.11888194444444444
0 0.36347916666666663 0.3975069444444444 0.14110416666666667 0.12929166666666667
0 0.3674722222222222 0.5306458333333334 0.14353472222222222 0.13731944444444444
0 0.5040833333333333 0.5322083333333333 0.13071527777777778 0.13766666666666666
0 0.5009583333333333 0.39854861111111106 0.13002083333333334 0.12027083333333333
0 0.6370555555555556 0.40636111111111106 0.13560416666666666 0.12200694444444445
0 0.7748888888888888 0.4030625 0.14465972222222223 0.13206944444444446
0 0.9123749999999999 0.40097916666666666 0.14747222222222223 0.1362361111111111
0 0.9163680555555556 0.5302986111111111 0.14990277777777777 0.13106944444444446
0 0.7818194444444444 0.5342708333333334 0.13308333333333333 0.13035416666666666
0 0.6422638888888889 0.5297777777777778 0.14602083333333335 0.13558333333333333
0 0.08329861111111111 0.6573680555555556 0.13895833333333332 0.12693749999999998
0 0.22286805555555556 0.6558055555555555 0.1375972222222222 0.12659027777777776
0 0.3659097222222222 0.6526805555555556 0.1431875 0.12589583333333332
0 0.5016597222222222 0.6526805555555556 0.14252083333333332 0.12589583333333332
0 0.6360138888888889 0.6523333333333333 0.14463194444444444 0.13352777777777777
0 0.7776666666666666 0.6587569444444444 0.1391111111111111 0.12415972222222221
0 0.9186249999999999 0.7181319444444444 0.1488611111111111 0.2484652777777778
0 0.7762777777777777 0.7804374999999999 0.14188194444444444 0.1342638888888889
0 0.6377361111111112 0.7837361111111111 0.14352777777777778 0.12419444444444444
0 0.4985138888888889 0.779048611111111 0.1359236111111111 0.12315277777777778
0 0.35999305555555555 0.7856458333333333 0.14359027777777778 0.13079166666666667
0 0.22389583333333335 0.7856458333333333 0.13529166666666667 0.13079166666666667
0 0.08814583333333334 0.7816527777777778 0.13462500000000002 0.12836111111111112
0 0.08503472222222222 0.9108055555555555 0.14243055555555556 0.13395138888888888
0 0.22599305555555557 0.9130625 0.13829166666666665 0.13290972222222222
0 0.3613958333333333 0.9099375 0.1452638888888889 0.13221527777777778
0 0.49922916666666667 0.9128819444444444 0.1404375 0.1297847222222222
0 0.6410486111111111 0.9085486111111111 0.13803472222222224 0.13499305555555555
0 0.7740208333333333 0.9113263888888888 0.12904166666666667 0.12943749999999998
0 0.9161944444444444 0.9121944444444444 0.14677777777777778 0.1311736111111111