0 0.13240277777777779 0.24715277777777775 0.2543958333333333 0.28527083333333336
0 0.3756319444444444 0.25309027777777776 0.24872916666666667 0.29311805555555553
0 0.6174513888888888 0.2537847222222222 0.24079861111111112 0.29172916666666665
0 0.8675972222222221 0.25256944444444446 0.2634166666666667 0.2976319444444444
0 0.11105555555555555 0.5438125 0.2082222222222222 0.29178472222222224
0 0.3055 0.5457569444444444 0.19455555555555556 0.2841736111111111
0 0.49905555555555553 0.5455833333333333 0.19286111111111112 0.2810486111111111
0 0.6915694444444445 0.5419444444444445 0.20019444444444442 0.28486805555555555
0 0.8934583333333332 0.5433263888888888 0.20961111111111108 0.2820902777777778
0 0.1377847222222222 0.8376944444444444 0.24085416666666665 0.30663194444444447
0 0.37910416666666663 0.8398194444444443 0.24178472222222222 0.30022916666666666
0 0.6177916666666666 0.8356527777777777 0.23315972222222223 0.2946736111111111
0 0.8618680555555555 0.8363472222222221 0.25195833333333334 0.29328472222222224