0 0.1435912938331318 0.1819977426636569 0.2267230955259976 0.2144469525959368
0 0.3824062877871826 0.18058690744920994 0.21765417170495768 0.2200902934537246
0 0.6234885126964933 0.1841139954853273 0.23125755743651755 0.22432279909706546
0 0.8630592503022975 0.17917607223476298 0.2327690447400242 0.2172686230248307
0 0.8577690447400241 0.4084367945823928 0.22521160822249092 0.23278781038374718
0 0.62046553808948 0.4077313769751693 0.22521160822249092 0.2144469525959368
0 0.3831620314389359 0.41055304740406323 0.22823458282950423 0.2229119638826185
0 0.14510278113663846 0.4020880361173815 0.23579201934703747 0.22855530474040633
0 0.13830108827085852 0.6278216704288939 0.23428053204353083 0.2144469525959368
0 0.38618500604594924 0.6313487584650113 0.22218863361547764 0.21867945823927765
0 0.6174425634824667 0.6341704288939052 0.23125755743651755 0.22714446952595937
0 0.8638149939540508 0.6320541760722348 0.23730350665054414 0.2172686230248307
0 0.8585247883917775 0.8563769751693002 0.22370012091898428 0.2172686230248307
0 0.6234885126964933 0.8613148984198645 0.23428053204353083 0.22432279909706546
0 0.37938331318016927 0.8577878103837472 0.2267230955259976 0.2172686230248307
0 0.14283555018137847 0.8535553047404063 0.23730350665054414 0.2172686230248307