0 0.1374375 0.2997361111111111 0.24709722222222222 0.4633611111111111
0 0.37893055555555555 0.18712499999999999 0.23865972222222223 0.2306111111111111
0 0.6191875 0.18625694444444443 0.24427083333333333 0.228875
0 0.8410138888888888 0.1919513888888889 0.2063263888888889 0.23738194444444444
0 0.8493680555555555 0.41625694444444444 0.22140277777777778 0.21678472222222223
0 0.6037083333333334 0.41883333333333334 0.20047916666666665 0.22238888888888889
0 0.3785625 0.42039583333333336 0.23975694444444445 0.22204166666666666
0 0.12754166666666666 0.6425833333333334 0.2446736111111111 0.22197916666666664
0 0.3692083333333333 0.6426180555555555 0.2442152777777778 0.22240277777777778
0 0.7322083333333335 0.6379305555555556 0.4730902777777778 0.2213611111111111
0 0.8620416666666666 0.8627222222222222 0.24120138888888887 0.21274305555555556
0 0.42073611111111114 0.8640833333333333 0.34147222222222223 0.2066388888888889