0 0.16248488512696493 0.2497178329571106 0.22823458282950423 0.20598194130925507
0 0.3854292623941959 0.2468961625282167 0.22370012091898428 0.19751693002257337
0 0.6076178960096735 0.24619074492099322 0.2267230955259976 0.19892776523702033
0 0.8373639661426844 0.251834085778781 0.2267230955259976 0.1904627539503386
0 0.8426541717049577 0.45146726862302483 0.22823458282950423 0.208803611738149
0 0.6144195888754534 0.45005643340857787 0.22521160822249092 0.18905191873589164
0 0.3876964933494559 0.4486455981941309 0.22218863361547764 0.19751693002257337
0 0.15946191051995162 0.4486455981941309 0.22218863361547764 0.20316027088036118
0 0.15719467956469166 0.6511004514672686 0.2267230955259976 0.20174943566591422
0 0.38618500604594924 0.6454571106094809 0.23428053204353083 0.19892776523702033
0 0.6113966142684402 0.6475733634311512 0.23125755743651755 0.19469525959367945
0 0.8381197097944377 0.6511004514672686 0.22218863361547764 0.20174943566591422
0 0.841142684401451 0.8465011286681715 0.22823458282950423 0.20598194130925507
0 0.6129081015719468 0.8479119638826185 0.22218863361547764 0.20033860045146726
0 0.38694074969770254 0.847206546275395 0.22974607013301088 0.1904627539503386
0 0.1587061668681983 0.848617381489842 0.22067714631197097 0.19892776523702033