0 0.14132406287787183 0.18270316027088035 0.23125755743651755 0.21021444695259595
0 0.3808948004836759 0.18129232505643342 0.2327690447400242 0.22714446952595937
0 0.6212212817412334 0.1784706546275395 0.22974607013301088 0.21867945823927765
0 0.8607920193470375 0.18058690744920994 0.22521160822249092 0.2200902934537246
0 0.8630592503022975 0.40702595936794583 0.23881499395405079 0.21585778781038376
0 0.62046553808948 0.4077313769751693 0.23730350665054414 0.2172686230248307
0 0.37711608222490933 0.4084367945823928 0.22521160822249092 0.22150112866817157
0 0.1405683192261185 0.4042042889390519 0.2327690447400242 0.21585778781038376
0 0.1496372430471584 0.6299379232505643 0.22974607013301088 0.238431151241535
0 0.39298669891172916 0.6327595936794582 0.2720677146311971 0.22432279909706546
0 0.6227327690447401 0.6341704288939052 0.2418379685610641 0.22996613995485327
0 0.8539903264812576 0.6334650112866818 0.22974607013301088 0.22573363431151242
0 0.8517230955259976 0.8662528216704289 0.22823458282950423 0.22855530474040633
0 0.6144195888754534 0.8613148984198645 0.21916565900846433 0.22714446952595937
0 0.2637545344619105 0.8563769751693002 0.47309552599758165 0.22573363431151242